spawns:
  chancemean409:
    world: 4a7c62fe-c4a7-43d6-9ad6-421ee1282560
    world-name: world
    x: 0.05867525340379869
    y: 71.0
    z: -9.025708486872308
    yaw: 0.600128173828125
    pitch: 90.0
  chancemean409 chancemean409 chancemean409 chancemean409 chancemean409 chancemean409 chancemean409 chancemean409:
    world: 4a7c62fe-c4a7-43d6-9ad6-421ee1282560
    world-name: world
    x: 0.4481412044705101
    y: 71.0
    z: -9.492336826502958
    yaw: -1.199751853942871
    pitch: 87.29999542236328
